0 00000000
0 00100000
0 00200000
0 00300000
0 00100000
0 00300000
0 00200000
0 00100000
0 00000000
0 00000000
0 00000000
0 00200000
0 00100000
0 00000800
0 00100800
0 00200800
0 00300800
0 00100800
0 00300800
0 00200800
0 00100800
0 00000800
0 00000800
0 00000800
0 00200800
0 00100800
0 00300800
0 00000800
0 00000800
0 00000800
0 00000800
0 00000800
0 00000800
0 00000800
0 00000800
0 00000800
0 00000800
0 00000800
0 00000800
0 00000800
0 00000800
0 00000800
0 00000800
0 00000800
0 00000800
0 00000800
0 00000800
0 00000800
0 00000800
0 00000000
0 00000000
0 00000000
0 00000000
0 00000000
0 00000000
0 00000000
0 00000000
0 00000000
0 00000000
0 00000000
0 00000000
0 00000000
0 00000000
0 00000000
0 00100800
0 00100800
0 00100800
0 00100800
0 00100800
0 00100800
0 00100800
0 00100800
0 00100800
0 00300800
0 00200800
0 00100800
0 00000800
0 00000800
0 00000800
0 00200800
0 00100800
0 00300800
0 00000800
0 00000800
0 00000800
0 00000800
0 00000800
0 00000800
0 00000800
0 00000800
0 00000C00
0 00200C00
0 00100C00
0 00300C00
0 00200C00
0 00000C00